1 PIPE -100 100 0.01 0.00235 0.35276 0 0 0 0 0 0
1 VTXLOW -0.0965 0.0965 0.0137 0.00028 0.0937 2 0 1.5708 3e-006 3e-006 1
1 VTXLOW -0.1609 0.1609 0.0227 0.00028 0.0937 2 0 1.5708 3e-006 3e-006 1
1 VTXLOW -0.2575 0.2575 0.034 0.00028 0.0937 2 0 1.5708 3e-006 3e-006 1
1 VTXHIGH -0.1631 0.1631 0.14 0.00047 0.0937 2 0 1.5708 7e-006 7e-006 1
1 VTXHIGH -0.3263 0.3263 0.315 0.00047 0.0937 2 0 1.5708 7e-006 7e-006 1
1 DCHCANI -2.125 2.125 0.345 0.0002 0.237223 0 0 0 0 0 0
1 DCH -2 2 0.36 0.0147748 579 1 0.0203738 0 0.0001 0 1
1 DCH -2 2 0.374775 0.0147748 579 1 -0.0212097 0 0.0001 0 1
1 DCH -2 2 0.38955 0.0147748 579 1 0.0220456 0 0.0001 0 1
1 DCH -2 2 0.404324 0.0147748 579 1 -0.0228814 0 0.0001 0 1
1 DCH -2 2 0.419099 0.0147748 579 1 0.0237172 0 0.0001 0 1
1 DCH -2 2 0.433874 0.0147748 579 1 -0.024553 0 0.0001 0 1
1 DCH -2 2 0.448649 0.0147748 579 1 0.0253888 0 0.0001 0 1
1 DCH -2 2 0.463423 0.0147748 579 1 -0.0262245 0 0.0001 0 1
1 DCH -2 2 0.478198 0.0147748 579 1 0.0270602 0 0.0001 0 1
1 DCH -2 2 0.492973 0.0147748 579 1 -0.0278958 0 0.0001 0 1
1 DCH -2 2 0.507748 0.0147748 579 1 0.0287314 0 0.0001 0 1
1 DCH -2 2 0.522523 0.0147748 579 1 -0.029567 0 0.0001 0 1
1 DCH -2 2 0.537297 0.0147748 579 1 0.0304025 0 0.0001 0 1
1 DCH -2 2 0.552072 0.0147748 579 1 -0.031238 0 0.0001 0 1
1 DCH -2 2 0.566847 0.0147748 579 1 0.0320734 0 0.0001 0 1
1 DCH -2 2 0.581622 0.0147748 579 1 -0.0329088 0 0.0001 0 1
1 DCH -2 2 0.596396 0.0147748 579 1 0.0337442 0 0.0001 0 1
1 DCH -2 2 0.611171 0.0147748 579 1 -0.0345795 0 0.0001 0 1
1 DCH -2 2 0.625946 0.0147748 579 1 0.0354147 0 0.0001 0 1
1 DCH -2 2 0.640721 0.0147748 579 1 -0.0362499 0 0.0001 0 1
1 DCH -2 2 0.655495 0.0147748 579 1 0.0370851 0 0.0001 0 1
1 DCH -2 2 0.67027 0.0147748 579 1 -0.0379202 0 0.0001 0 1
1 DCH -2 2 0.685045 0.0147748 579 1 0.0387552 0 0.0001 0 1
1 DCH -2 2 0.69982 0.0147748 579 1 -0.0395902 0 0.0001 0 1
1 DCH -2 2 0.714595 0.0147748 579 1 0.0404252 0 0.0001 0 1
1 DCH -2 2 0.729369 0.0147748 579 1 -0.04126 0 0.0001 0 1
1 DCH -2 2 0.744144 0.0147748 579 1 0.0420949 0 0.0001 0 1
1 DCH -2 2 0.758919 0.0147748 579 1 -0.0429296 0 0.0001 0 1
1 DCH -2 2 0.773694 0.0147748 579 1 0.0437643 0 0.0001 0 1
1 DCH -2 2 0.788468 0.0147748 579 1 -0.044599 0 0.0001 0 1
1 DCH -2 2 0.803243 0.0147748 579 1 0.0454336 0 0.0001 0 1
1 DCH -2 2 0.818018 0.0147748 579 1 -0.0462681 0 0.0001 0 1
1 DCH -2 2 0.832793 0.0147748 579 1 0.0471025 0 0.0001 0 1
1 DCH -2 2 0.847568 0.0147748 579 1 -0.0479369 0 0.0001 0 1
1 DCH -2 2 0.862342 0.0147748 579 1 0.0487713 0 0.0001 0 1
1 DCH -2 2 0.877117 0.0147748 579 1 -0.0496055 0 0.0001 0 1
1 DCH -2 2 0.891892 0.0147748 579 1 0.0504397 0 0.0001 0 1
1 DCH -2 2 0.906667 0.0147748 579 1 -0.0512738 0 0.0001 0 1
1 DCH -2 2 0.921441 0.0147748 579 1 0.0521079 0 0.0001 0 1
1 DCH -2 2 0.936216 0.0147748 579 1 -0.0529418 0 0.0001 0 1
1 DCH -2 2 0.950991 0.0147748 579 1 0.0537757 0 0.0001 0 1
1 DCH -2 2 0.965766 0.0147748 579 1 -0.0546095 0 0.0001 0 1
1 DCH -2 2 0.980541 0.0147748 579 1 0.0554433 0 0.0001 0 1
1 DCH -2 2 0.995315 0.0147748 579 1 -0.056277 0 0.0001 0 1
1 DCH -2 2 1.01009 0.0147748 579 1 0.0571106 0 0.0001 0 1
1 DCH -2 2 1.02486 0.0147748 579 1 -0.0579441 0 0.0001 0 1
1 DCH -2 2 1.03964 0.0147748 579 1 0.0587775 0 0.0001 0 1
1 DCH -2 2 1.05441 0.0147748 579 1 -0.0596108 0 0.0001 0 1
1 DCH -2 2 1.06919 0.0147748 579 1 0.0604441 0 0.0001 0 1
1 DCH -2 2 1.08396 0.0147748 579 1 -0.0612773 0 0.0001 0 1
1 DCH -2 2 1.09874 0.0147748 579 1 0.0621104 0 0.0001 0 1
1 DCH -2 2 1.11351 0.0147748 579 1 -0.0629434 0 0.0001 0 1
1 DCH -2 2 1.12829 0.0147748 579 1 0.0637763 0 0.0001 0 1
1 DCH -2 2 1.14306 0.0147748 579 1 -0.0646092 0 0.0001 0 1
1 DCH -2 2 1.15784 0.0147748 579 1 0.0654419 0 0.0001 0 1
1 DCH -2 2 1.17261 0.0147748 579 1 -0.0662746 0 0.0001 0 1
1 DCH -2 2 1.18739 0.0147748 579 1 0.0671071 0 0.0001 0 1
1 DCH -2 2 1.20216 0.0147748 579 1 -0.0679396 0 0.0001 0 1
1 DCH -2 2 1.21694 0.0147748 579 1 0.068772 0 0.0001 0 1
1 DCH -2 2 1.23171 0.0147748 579 1 -0.0696042 0 0.0001 0 1
1 DCH -2 2 1.24649 0.0147748 579 1 0.0704364 0 0.0001 0 1
1 DCH -2 2 1.26126 0.0147748 579 1 -0.0712685 0 0.0001 0 1
1 DCH -2 2 1.27604 0.0147748 579 1 0.0721005 0 0.0001 0 1
1 DCH -2 2 1.29081 0.0147748 579 1 -0.0729324 0 0.0001 0 1
1 DCH -2 2 1.30559 0.0147748 579 1 0.0737642 0 0.0001 0 1
1 DCH -2 2 1.32036 0.0147748 579 1 -0.0745958 0 0.0001 0 1
1 DCH -2 2 1.33514 0.0147748 579 1 0.0754274 0 0.0001 0 1
1 DCH -2 2 1.34991 0.0147748 579 1 -0.0762589 0 0.0001 0 1
1 DCH -2 2 1.36468 0.0147748 579 1 0.0770903 0 0.0001 0 1
1 DCH -2 2 1.37946 0.0147748 579 1 -0.0779215 0 0.0001 0 1
1 DCH -2 2 1.39423 0.0147748 579 1 0.0787527 0 0.0001 0 1
1 DCH -2 2 1.40901 0.0147748 579 1 -0.0795837 0 0.0001 0 1
1 DCH -2 2 1.42378 0.0147748 579 1 0.0804147 0 0.0001 0 1
1 DCH -2 2 1.43856 0.0147748 579 1 -0.0812455 0 0.0001 0 1
1 DCH -2 2 1.45333 0.0147748 579 1 0.0820762 0 0.0001 0 1
1 DCH -2 2 1.46811 0.0147748 579 1 -0.0829068 0 0.0001 0 1
1 DCH -2 2 1.48288 0.0147748 579 1 0.0837373 0 0.0001 0 1
1 DCH -2 2 1.49766 0.0147748 579 1 -0.0845677 0 0.0001 0 1
1 DCH -2 2 1.51243 0.0147748 579 1 0.0853979 0 0.0001 0 1
1 DCH -2 2 1.52721 0.0147748 579 1 -0.086228 0 0.0001 0 1
1 DCH -2 2 1.54198 0.0147748 579 1 0.087058 0 0.0001 0 1
1 DCH -2 2 1.55676 0.0147748 579 1 -0.0878879 0 0.0001 0 1
1 DCH -2 2 1.57153 0.0147748 579 1 0.0887177 0 0.0001 0 1
1 DCH -2 2 1.58631 0.0147748 579 1 -0.0895474 0 0.0001 0 1
1 DCH -2 2 1.60108 0.0147748 579 1 0.0903769 0 0.0001 0 1
1 DCH -2 2 1.61586 0.0147748 579 1 -0.0912063 0 0.0001 0 1
1 DCH -2 2 1.63063 0.0147748 579 1 0.0920356 0 0.0001 0 1
1 DCH -2 2 1.64541 0.0147748 579 1 -0.0928647 0 0.0001 0 1
1 DCH -2 2 1.66018 0.0147748 579 1 0.0936937 0 0.0001 0 1
1 DCH -2 2 1.67495 0.0147748 579 1 -0.0945226 0 0.0001 0 1
1 DCH -2 2 1.68973 0.0147748 579 1 0.0953514 0 0.0001 0 1
1 DCH -2 2 1.7045 0.0147748 579 1 -0.09618 0 0.0001 0 1
1 DCH -2 2 1.71928 0.0147748 579 1 0.0970085 0 0.0001 0 1
1 DCH -2 2 1.73405 0.0147748 579 1 -0.0978369 0 0.0001 0 1
1 DCH -2 2 1.74883 0.0147748 579 1 0.0986651 0 0.0001 0 1
1 DCH -2 2 1.7636 0.0147748 579 1 -0.0994932 0 0.0001 0 1
1 DCH -2 2 1.77838 0.0147748 579 1 0.100321 0 0.0001 0 1
1 DCH -2 2 1.79315 0.0147748 579 1 -0.101149 0 0.0001 0 1
1 DCH -2 2 1.80793 0.0147748 579 1 0.101977 0 0.0001 0 1
1 DCH -2 2 1.8227 0.0147748 579 1 -0.102804 0 0.0001 0 1
1 DCH -2 2 1.83748 0.0147748 579 1 0.103632 0 0.0001 0 1
1 DCH -2 2 1.85225 0.0147748 579 1 -0.104459 0 0.0001 0 1
1 DCH -2 2 1.86703 0.0147748 579 1 0.105286 0 0.0001 0 1
1 DCH -2 2 1.8818 0.0147748 579 1 -0.106113 0 0.0001 0 1
1 DCH -2 2 1.89658 0.0147748 579 1 0.10694 0 0.0001 0 1
1 DCH -2 2 1.91135 0.0147748 579 1 -0.107766 0 0.0001 0 1
1 DCH -2 2 1.92613 0.0147748 579 1 0.108593 0 0.0001 0 1
1 DCH -2 2 1.9409 0.0147748 579 1 -0.109419 0 0.0001 0 1
1 DCH -2 2 1.95568 0.0147748 579 1 0.110246 0 0.0001 0 1
1 DCH -2 2 1.97045 0.0147748 579 1 -0.111072 0 0.0001 0 1
1 DCH -2 2 1.98523 0.0147748 579 1 0.111898 0 0.0001 0 1
1 DCH -2 2 2 0.0147748 579 1 -0.112723 0 0.0001 0 1
1 DCHCANO -2.125 2.125 2.02 0.02 1.667 0 0 0 0 0 0
1 BSILWRP -2.35 2.35 2.04 0.00047 0.0937 2 0 1.5708 7e-006 9e-005 1
1 BSILWRP -2.35 2.35 2.06 0.00047 0.0937 2 0 1.5708 7e-006 9e-005 1
1 MAG -2.5 2.5 2.25 0.05 0.0658 0 0 0 0 0 0
1 BPRESH -2.55 2.55 2.45 0.02 1 2 0 1.5708 7e-005 0.01 1
2 VTXDSK 0.105 0.315 -0.9186 0.00028 0.0937 2 0 1.5708 7e-006 7e-006 1
2 VTXDSK 0.070 0.315 -0.6091 0.00028 0.0937 2 0 1.5708 7e-006 7e-006 1
2 VTXDSK 0.0345 0.275 -0.2791 0.00028 0.0937 2 0 1.5708 7e-006 7e-006 1
2 VTXDSK 0.0345 0.275  0.2791 0.00028 0.0937 2 0 1.5708 7e-006 7e-006 1
2 VTXDSK 0.070 0.315 0.6091 0.00028 0.0937 2 0 1.5708 7e-006 7e-006 1
2 VTXDSK 0.105 0.315 0.9186 0.00028 0.0937 2 0 1.5708 7e-006 7e-006 1
2 DCHWALL 0.345 2.02 2.125 0.25 5.55 0 0 0 0 0 0
2 DCHWALL 0.345 2.02 -2.125 0.25 5.55 0 0 0 0 0 0
2 FSILWRP 0.30 2.02 -2.32 0.00047 0.0937 2 0 1.5708 7e-006 9e-005 1
2 FSILWRP 0.30 2.02 -2.3 0.00047 0.0937 2 0 1.5708 7e-006 9e-005 1
2 FSILWRP 0.30 2.02 2.3 0.00047 0.0937 2 0 1.5708 7e-006 9e-005 1
2 FSILWRP 0.30 2.02 2.32 0.00047 0.0937 2 0 1.5708 7e-006 9e-005 1
2 FRAD 0.38 2.09 2.49 0.0043 0.005612 0 0 0 0 0 0
2 FRAD 0.38 2.09 -2.49 0.0043 0.005612 0 0 0 0 0 0
2 FPRESH 0.39 2.43 -2.55 0.02 1 2 0 1.5708 7e-005 0.01 1
2 FPRESH 0.39 2.43 2.55 0.02 1 2 0 1.5708 7e-005 0.01 1
